0 331 1.0
1 3171 0.5
1 2877 0.5
2 5357 0.5
2 6461 0.5
3 5117 0.5
3 5125 0.5
4 5558 0.5
4 5643 0.5
5 1896 0.5
5 3002 0.5
6 1742 0.5
6 1657 0.5
7 2097 0.5
7 2200 0.5
8 4398 0.25
8 6527 0.25
8 1511 0.25
8 882 0.25
9 4398 0.5
9 6527 0.5
10 4531 0.5
10 4549 0.5
11 6724 0.5
11 6729 0.5
12 1511 0.5
12 882 0.5
13 1043 0.5
13 1050 0.5
14 3333 0.5
14 3202 0.5
15 6261 1.0
16 2801 1.0
17 4070 1.0
18 582 1.0
19 3231 0.25
19 3232 0.25
19 3233 0.25
19 3234 0.25
20 3283 1.0
21 3394 0.5
21 3375 0.5
22 6631 0.25
22 6632 0.25
22 6633 0.25
22 6634 0.25
23 6684 1.0
24 6795 0.5
24 6775 0.5