834
836
837
838
839
853
862
865
870
871
876
877
878
879
880
881
897
898
899
900
907
908
909
910
911
912
913
914
933
934
935
936
946
947
948
949
950
951
952
953
954
955
956
963
964
965
966
967
968
987
989
990
991
992
993
994
996
997
1013
1014
1015
1025
1026
1027
1028
1036
1038
1039
1040
1041
1042
1137
1138
1139
1140
1141
1142
1143
1144
1145
1146
1147
1159
1160
1161
1162
1163
1164
1165
1166
1169
1170
1171
1174
1184
1185
1186
1187
1206
1207
1208
1209
1210
1221
1222
1223
1224
1225
1226
1227
1230
1274
1275
1276
1277
1278
1338
1339
1353
1354
1359
1360
1361
1362
1363
1364
1365
1366
1367
1368
1451
1452
1453
1455
1456
1457
1458
1460
1475
1476
1479
1480
1497
1498
1499
1500
1514
1515
1516
1517
1518
1519
1520
1521
1522
1533
1534
1539
3125
3126
3127
3131
3132
3134
3135
3142
3143
3144
3145
3146
3147
3148
3149
3170
3172
3479
3510
4320
4322
4323
4324
4325
4348
4349
4356
4357
4361
4362
4364
4365
4366
4367
4384
4385
4393
4394
4395
4396
4397
4398
4401
4419
4420
4421
4422
4431
4432
4433
4434
4435
4436
4437
4438
4439
4440
4441
4442
4449
4450
4451
4452
4453
4454
4474
4475
4476
4477
4478
4479
4480
4484
4499
4502
4511
4512
4513
4514
4524
4525
4526
4527
4528
4623
4624
4625
4626
4627
4628
4629
4630
4631
4632
4645
4646
4647
4648
4649
4650
4651
4652
4655
4656
4658
4670
4671
4672
4673
4691
4693
4704
4705
4706
4707
4708
4709
4710
4713
4757
4758
4759
4760
4814
4815
4829
4834
4835
4836
4837
4838
4839
4840
4841
4924
4925
4926
4928
4929
4930
4932
4933
4948
4951
4952
4969
4970
4971
4986
4987
4988
4989
4990
4991
4992
5004
5005
6546
6547
6548
6552
6553
6556
6562
6563
6564
6565
